Elements

ROW      FE     LE Diff    

1         1     12         
                   20
2         13    32         
                   24
3         33    56
                   28
4         57    84
                   30
5         85    114
                   30
6         115   144
                   32
7         145   176
                   32
8         177   208
                   32
9         209   240
                   32
10        241   272
                   30
11        273   302
                   30
12        303   332
                   28
13        333   360
                   24
14        361   384
                   20
15        385   404
                   12
16        405   416


1. 7
2. 11
3. 13
4. 15
5. 16
6. 16
7. 17
8. 17
9. 17
10.17
11.16
12.16
13.15
14.13
15.11
16.7